207000
115604
432767
343726
938812
175792
970266
858528
855008
78472
699663
900076
109020
636071
505757
703556
956469
93238
667729
252961
357929
142284
193086
438030
243997
50151
193363
998576
476604
838515
484831
696974
624249
650671
554387
706411
982580
312909
281821
994538
332184
34323
293975
139027
593555
621040
301171
504649
510170
445809
439064
334662
116585
632191
633058
992582
211314
634140
449031
810059
258569
671829
241386
874874
195563
50626
38676
400678
180889
192138
31556
556431
526516
26369
627559
141321
941505
713746
499902
896899
221521
182703
186778
841323
687902
680313
796057
524943
835699
378691
577100
884996
274332
435972
955028
442612
739970
403425
145046
100582
616856
175092
443957
76794
915852
185165
938091
265514
289779
367780
853718
143688
918042
488414
265386
372368
639351
9387
143121
803171
908402
681522
121113
690585
326030
435447
578029
270543
149064
792558
428583
765571
779664
352315
366622
532393
791621
625200
384466
472238
532191
912700
690966
732021
15115
841841
675325
104071
501137
885570
732469
412023
806515
588703
197762
164561
350031
996837
717865
83366
27731
215533
737629
131790
97767
72939
871732
590444
93282
931781
500164
955776
191340
792487
463241
13263
609444
592935
891957
259378
896199
569942
899456
912882
600991
268987
741021
55925
627966
641440
127633
624505
191823
124303
399279
695049
136757
367843
35522
453410
409850
778490
43577
819975
887299
876530
401308
646748
834204
962744
153125
480380
198763
710438
794432
419763
166653
620131
480594
446881
483595
436579
417266
181342
971561
429320
256512
101459
428810
497691
196344
494277
516439
442019
328250
472890
11298
790946
860355
497446
274181
962327
722031
731384
638173
657495
180748
594522
80279
236652
568163
477085
909726
329861
556860
387142
901880
47600
252342
556152
843386
197129
859935
904574
193886
307341
432129
680202
905453
33416
834926
799660
393160
973320
95809
699611
67015
81124
128966
916173
97008
50756
160533
579338
101885
218850
177487
347873
559808
433419
918340
619074
821814
870575
135856
539194
75867
115341
405623
946789
419532
397326
333516
150243
835365
637922
616539
886363
791915
991316
709819
41849
582212
481462
393803
423334
809407
954582
278123
212393
523408
995351
987756
307530
381495
776864
439748
45705
521472
347931
228043
33244
595709
897044
747239
406833
743431
244774
185104
380214
643136
60335
798690
925579
150981
453496
608524
505616
46019
432308
495574
500779
145481
947731
571652
657309
224739
680177
918849
264287
986338
859622
795532
840259
882027
867435
840042
524324
228909
685167
752599
29470
34371
916947
851202
349340
554802
704037
194457
612972
804098
265869
273437
301676
941615
586659
758353
59035
500120
236429
483438
411326
587189
139370
163097
590834
529220
258176
971127
550422
934873
600253
22392
133262
367326
730753
726248
353626
982419
951381
49419
363177
187009
734161
631364
703531
476451
101785
514396
259540
33017
693924
946160
573601
566909
226856
908510
789756
724503
607604
378371
389867
125750
182885
797461
499163
339017
399312
35445
42690
150430
4785
941531
962528
138592
643848
262829
708024
616700
702385
269429
618593
395336
773918
469633
524350
218438
269173
302250
921018
91089
156712
601894
640777
273289
692773
356910
425779
980574
351793
908663
658797
406044
506098
117646
426565
764123
223832
287676
952114
840945
844291
416867
395536
865946
549444
184760
543552
344219
840167
652436
210996
363300
810371
790491
262456
160091
508070
440180
232776
771805
61546
563971
969164
531257
991209
493141
836211
818990
783434
955464
761493
965606
741202
967209
444966
534723
415138
529178
372812
570600
680477
145511
306469
533050
441240
433543
84906
571079
830992
480261
755181
281486
809262
144261
839601
158715
939690
604875
202168
589727
405599
444534
895619
630251
775417
938390
975630
937326
512042
805305
902858
549729
228694
903982
935315
52277
44396
738018
252135
556267
849579
955834
367156
156588
572668
715853
788600
955473
252557
908670
608965
623704
282688
331672
934318
266109
619282
662154
478602
711139
923411
930720
71660
371646
76453
354911
714444
751197
751598
576143
545285
873771
941638
445957
335732
444198
409462
618349
75929
841650
289426
27517
760258
220347
50766
540821
847748
609104
21582
599984
860083
980490
221704
531959
747154
782640
743221
609815
915948
494465
861151
723679
654641
734373
72727
351458
488322
449002
989732
907315
5168
390631
74351
559972
313642
473126
970488
12329
851196
558220
869525
861598
734467
954452
177772
255308
74499
739252
619064
708355
299148
166316
19828
200046
584663
496473
765241
869311
149504
603518
536996
518344
737950
791306
417223
495001
125494
923911
334267
534679
760621
189901
640061
777815
989358
761685
552214
837359
983397
480683
481640
612021
125109
384880
195434
430462
896515
412256
465733
346386
210923
848849
996120
491941
749407
653196
688787
818166
713621
222863
399680
333107
986377
811612
444401
681867
60825
765306
192978
678090
69199
631868
10795
98014
818139
219698
652767
812136
182796
909835
518351
245682
625172
270814
764942
612198
50271
823725
53981
913496
897792
646965
109728
686012
57857
62211
651880
157554
684378
177407
720809
590692
693127
645003
178062
592158
713796
867138
936164
167004
52888
457478
726927
980284
538045
981690
12263
723152
703218
232724
36568
918292
739239
109847
788792
242711
946442
391277
118756
970414
395100
100090
958962
312430
211416
304949
776938
236214
658987
557977
157378
47838
764669
240616
395100
861359
310977
52598
284775
587185
792754
332310
461670
825671
453838
961866
994796
676099
241851
886335
304771
2275
246909
87504
922271
128693
619266
149101
750088
787611
78702
445026
90967
835527
912110
599530
168847
463691
139861
289499
723711
492452
26095
480482
476057
456723
476006
32208
296291
216568
702707
301339
853377
333411
309204
727394
442433
733974
697523
464853
327432
681018
982022
664655
749527
872655
592443
241037
88445
13772
487392
632914
186590
281686
619556
341032
583761
536643
205930
854815
644663
65921
991445
934902
171578
722386
675288
732165
988451
29508
577245
544012
94138
90722
673343
688623
455983
651599
435824
413470
790568
406335
257113
826712
82199
457543
95692
978934
186950
488264
537191
39376
262288
649708
802791
459387
176164
260014
717889
372616
246777
56184
387070
578502
984220
997054
235472
551758
721261
26810
148755
408893
4364
680734
549905
949213
421661
257331
623007
672561
302668
939996
663119
737529
345232
168607
513802
501077
412160
456341
806876
141271
495918
311422
208887
319128
813070
48997
335244
857480
785174
439784
177534
561678
191552
916
767694
338334
733026
848625
589527
245769
974805
743764
796025
939754
219908
173405
350423
161293
789222
986825
539519
603767
83739
185084
824248
938476
883910
111824
200758
494319
597001
532170
985990
330598
608460
776286
681463
595586
444194
337520
769613
66548
256463
235463
800597
754685
162651
201613
935334
211639
189102
644730
324443
397357
180642
40139
568106
276387
973656
1931
294309
438615
31443
179998
642839
65319
208407
26498
949876
139440
11878
444757
152721
457256
802805
528819
908834
469138
17453
613765
399337
234468
22401
937131
378389
699586
181335
197409
785888
162126
33065
261249
725468
235669
336957
221255
387933
36599
329353
929672
867527
124753
286759
222097
67430
10099
721807
256533
587025
266032
458896
747719
806210
413408
959622
852753
909972
424796
954949
68157
827699
613211
924932
748819
806857
816945
694206
588451
14972
216181
971933
532371
556235
847615
442893
278453
495490
353816
111151
545883
757301
454335
428797
702768
651138
449491
419094
53093
570490
896417
600274
238236
826352
86288
294808
502501
623060
259316
263274
262191
366497
833832
913288
872688
510899
317347
568790
321246
603990
829109
529041
416166
306667
586308
668171
35267
978524
687840
163252
164452
993356
454676
593077
815675
257878
56328
871999
918706
504856
785530
649429
154246
184608
301834
274997
750386
697637
357778
188059
315729
4597
967444
782999
38897
480099
338922
359812
337306
852815
231477
610879
369930
861593
672929
237887
206613
265394
487017
446136
717078
87304
536918
999455
184901
817689
969788
507257
159134
469892
56865
56078
186184
896483
449306
883497
563897
86789
13213
379806
757817
742030
603755
830231
161319
111330
965963
317608
823752
571898
984070
503733
687675
744475
740497
717378
862267
218526
231933
895303
383320
570861
663907
423059
725566
500192
69272
624536
828146
401137
826374
927016
267540
931256
937805
548509
48785
602872
768100
586679
730552
247099
463897
601312
109545
280138
447536
517037
261887
860066
91901
602573
125346
397970
868601
463449
353010
804429
663713
309164
107090
859519
205365
992165
831611
113288
850248
656766
787137
42987
752253
540495
298579
9584
111191
25772
619323
457089
737313
854145
627312
682311
665674
63814
328374
121167
210483
602117
962664
504560
503157
336156
736232
838961
98241
250978
574229
503325
301111
282683
553957
598669
156743
973184
441251
347544
901111
322627
236062
360351
270240
130046
611190
368319
637688
978412
644996
628106
543980
511231
368675
946604
961999
861938
402092
607080
992698
470159
549126
725172
32343
508258
605297
557419
892159
749019
8791
379432
617869
913612
280760
688202
379783
217917
62891
499629
645067
545097
984256
519882
237622
599199
502856
291686
373246
118801
623743
918029
62622
676581
318949
420666
951450
123118
797059
50298
584426
140580
811092
832369
376489
74798
293068
822455
917262
11177
658387
992688
738815
782172
587764
93992
651938
619355
535953
313915
945771
162904
829319
944305
359809
631027
399428
958138
334881
472636
174324
568160
173008
214279
582332
35488
45898
819243
907818
816660
914956
424013
271444
802714
334976
801994
813142
590446
616902
725194
56801
573627
401030
940587
287979
69299
654414
396971
888644
442492
958428
841015
111196
244643
682513
847628
643753
374235
725612
619910
92594
244179
930573
208121
255839
651533
859298
155672
265060
290961
729128
523718
137739
758524
737944
244385
127358
501164
885434
153395
374641
312557
613984
301561
778417
306541
168977
776547
679115
245106
479920
13080
916768
703672
464701
522068
861884
45604
86858
212491
553136
61970
788497
496221
504250
192278
261039
804431
13998
814215
979821
231529
768986
297876
592281
721120
836634
106096
898437
966653
500067
300726
388453
263468
43291
449278
582446
754183
264589
213938
381098
401062
181720
461070
648931
616692
403087
463676
756532
513565
485025
359044
678998
350139
829551
970753
166768
443741
13882
387764
465436
598585
199772
264691
59905
308381
252879
462548
127775
924933
642240
317863
595666
114423
525097
647711
34991
45776
560232
966275
882406
594676
281225
938661
790645
606331
661382
795291
918780
606373
697496
824723
19
700456
817728
3027
325713
818288
109437
462652
846587
125642
719806
331101
499245
118676
980829
912435
723521
433084
830626
782412
50695
419592
56992
839393
560133
568
252780
290096
756760
111151
425398
469920
499347
366860
905772
456530
837331
472805
386058
318399
782460
515322
317609
949498
133805
839938
917256
957407
367165
802262
504547
1203
657788
157509
245885
647658
824347
496315
420835
742728
381293
555787
966554
603748
702747
593697
442042
185286
836885
710694
8887
756373
987730
349400
337438
878420
592227
523884
262417
210459
182816
5890
938445
159368
728163
678021
55880
276671
499325
94530
818699
511381
755935
516025
237468
451161
911017
33295
488195
544692
444297
377550
714569
973318
592738
543377
924951
162266
816976
845648
308354
478920
346276
92384
114845
239993
417003
587709
393701
693101
414883
882788
493548
731337
214391
859749
451475
926251
557272
363709
628450
819137
511952
117492
276587
724921
198987
957510
65614
575432
953827
275607
256073
212491
775830
446122
173784
789247
805909
997217
618140
753158
259217
376369
560041
702196
165040
918631
759988
162960
953138
32967
764036
70093
576742
174322
599333
321125
92297
865664
471638
722170
339390
665860
108889
85369
826736
949641
135073
930511
196571
712173
541917
700995
967832
952709
513329
276884
610930
692753
295043
955870
759446
542358
901559
415598
417096
548090
847786
143629
462408
374934
945069
693575
491947
186233
598328
86380
52443
696750
763680
721888
20623
862435
132922
753675
605682
606084
385142
837760
594120
813920
447976
736074
416820
317475
291204
434100
471188
700864
810353
14436
522756
612196
260000
221663
84439
453543
96142
476189
944210
262821
990536
525064
790929
581031
676499
155722
158290
287248
672406
340472
232978
851397
334995
355881
890903
891023
329999
988882
985322
974355
297059
574820
425550
810347
738667
421717
656864
259581
214319
880630
667259
636829
527318
506900
326706
327571
569354
691090
756727
330258
505171
388299
515315
100225
255843
598455
715945
56439
452116
541459
196803
609416
188371
416631
360098
81118
295041
940960
271951
945385
827784
150350
937244
128080
41390
914665
735716
259360
867989
470319
988823
337637
73679
2684
715040
870722
62685
514575
231501
955600
232634
920401
467744
372957
111343
827947
313867
693433
272481
715199
795666
51531
220202
305859
216106
258288
788542
219438
921790
769535
268735
134087
756309
315621
710653
543860
262188
733156
763446
884210
90711
923333
972
741097
411762
876074
984765
95828
18532
251206
362257
501538
729600
628591
183211
62871
403693
152594
76979
368931
150401
463110
771341
308317
635364
178803
488753
657644
475697
239840
595374
993237
614065
720207
185031
583148
644780
713850
668538
48161
50556
587869
706530
94581
672891
990284
251781
267593
871993
189626
774140
854448
213799
194877
598752
439825
266896
16046
375014
132071
368185
753946
389916
74335
393749
75311
444880
559704
536515
214029
92838
667436
855049
86544
96347
627700
367960
510331
57628
462138
994046
343475
260971
730572
284142
868051
293955
401433
514464
979366
455284
832079
764641
914929
245016
879814
453524
243528
358272
195004
828634
211658
890641
365837
744839
447599
146217
22187
450575
618637
473063
247140
771514
667003
485850
103908
738383
660498
635365
615491
295240
112058
488014
640474
201389
370929
42859
799470
373381
569230
110785
262980
291208
803627
232912
738253
7472
202591
604551
635714
580290
619968
801913
81318
546164
73400
693123
956444
480877
292124
338107
775886
151691
450046
68146
651533
397545
40305
766882
650637
182690
236312
789423
906696
586433
391207
865946
484018
834291
36045
776585
166059
242634
445748
628429
112817
924776
506414
785964
388443
534245
678954
708156
625908
641956
446102
647360
201858
220041
486746
523053
853497
594876
420360
838649
29655
317299
852130
709937
167435
532468
286610
106742
471561
879724
929442
644902
797786
673047
154246
89258
343914
793588
630797
938169
694971
662684
554089
822218
451095
224976
706150
692266
335879
821622
779341
976482
93000
912029
982573
59208
327613
321235
650451
500360
78984
462739
185097
584061
139434
650746
771297
30367
239099
651474
52761
11292
898405
584316
611967
604359
707320
227522
236629
572144
295755
106903
858835
833640
864524
82968
882366
748293
116420
248575
202488
930070
142873
75366
435082
242884
97879
738721
357069
921813
423290
600989
582115
803900
50471
307652
610157
924146
652009
350862
158508
942
28860
559997
12612
419037
700325
297812
110275
832999
847431
677458
627885
546698
734588
459703
255981
815013
752595
603289
732050
595993
621303
601278
414918
2877
866538
146258
954638
102161
483946
291594
66039
889541
639288
318421
664835
524131
980969
992070
308643
215309
771861
941589
764898
575210
893115
288866
589965
911365
703373
875611
968815
302131
53846
988769
616981
612292
757390
557411
57957
863303
645176
763417
404033
27035
308017
956220
260655
530401
476979
751955
232619
551068
690224
867194
236930
73066
69601
290333
119633
85080
162215
110479
363266
399229
863303
320583
412836
771826
276683
612587
848556
480778
25480
569380
607912
630175
649217
32584
805430
74455
318172
576560
385005
843735
621664
106529
914102
99763
981920
510102
720809
537392
373711
319599
651448
362234
964888
388929
508323
548914
102652
313673
413468
61143
634924
737008
732976
908294
71514
541152
454102
345455
753464
807687
88325
27772
387640
602480
182313
21023
905927
221068
291926
654222
989948
479936
453538
704074
749497
700176
777044
629126
532742
459059
956534
75024
986798
300677
887851
704360
231474
450312
833779
88667
93074
585039
840808
664744
292978
7610
94243
953097
853369
730336
977019
511918
693785
6050
987892
408949
19335
918455
881124
439318
206895
344214
531455
292916
126748
726022
63568
861649
526327
897412
779359
7274
980059
980638
44711
16850
530683
34678
241426
262930
175875
531535
165422
133842
877680
343025
628744
907360
477540
786009
226261
251639
551712
102527
337973
842443
286544
341898
244801
210805
38415
954633
737583
579526
600466
316196
407649
170523
653247
705007
230957
786387
684026
778425
539768
581251
950974
456204
126932
390322
955505
221581
249869
911756
109377
522340
982411
224522
654307
890432
242992
657775
432989
933562
594939
995512
36084
405011
746303
170405
36141
488632
910943
890784
375507
558263
939112
514439
966211
843102
20479
310900
83876
433452
21519
743203
758773
771188
811066
217619
759143
324041
250317
956708
840169
984635
659308
583104
952344
348148
950577
983441
264771
316427
360308
733904
906950
329396
283813
25700
154202
613468
813890
213276
139383
35598
801030
964220
366998
638737
952621
70331
546655
576290
391298
401239
52080
491034
621950
858123
468941
3694
437777
32746
659388
29420
760690
663102
713924
459100
66204
903704
653045
805698
721793
360791
591473
953644
947857
865675
858529
280432
789471
557310
294291
126777
117138
238584
742557
235773
976132
872171
206613
716847
977280
349063
343479
333421
326045
843730
95653
24363
928526
811602
512562
908035
179404
731393
197768
511651
366037
125712
883059
897433
556010
654
274637
598813
978920
620169
545483
205799
566078
666253
9580
804942
130244
406861
406872
756840
547845
284283
494393
385057
814437
710123
447176
697846
198143
161689
98788
893673
85410
164276
173797
578259
314692
991537
104776
899523
367920
245792
403251
107330
149765
918561
664199
931732
131854
271692
270832
406693
227708
713123
119232
726202
161340
74857
96309
719067
127673
814177
351542
876279
173274
565911
943268
990450
120964
246525
958396
884201
468637
12508
917419
554311
470553
79544
778332
505597
62056
476523
591475
494830
619245
946308
305223
442325
813814
193752
698850
533550
352288
503786
455938
609335
186473
754538
173297
616214
432447
434310
266313
601287
397731
70567
768485
439648
900046
992858
52927
401220
391229
707350
799094
77399
224491
770013
197777
835056
879355
826098
408169
61507
803782
703234
927606
913075
780064
379074
92485
243113
712554
586231
690116
811556
49054
71579
697335
940141
61343
797848
778572
730233
861015
8203
504998
311791
297709
687242
21760
624860
316028
268150
105851
96132
394828
679548
173783
130850
828624
975516
620630
277636
499989
468287
744160
470273
397024
572469
969156
495191
632674
388890
256931
480266
102779
900015
215595
178123
924985
831248
714081
277760
322694
906805
309850
732213
366434
979049
606817
829277
962332
673473
803845
400481
340436
165065
544968
399759
256460
376714
808202
384802
995639
544965
634450
293430
426547
170607
958249
525746
31786
705239
242956
673941
568729
945841
766266
751210
124450
765159
331103
943383
257642
430480
718910
239116
245660
551966
405808
985884
440128
464923
658068
914277
625549
75664
983850
425950
938579
618830
544624
688668
252815
179902
634885
559543
984260
939816
619282
969312
234042
622461
982117
163988
142529
43547
426918
992653
637038
511671
543765
1809
1573
598283
635482
685036
142526
930849
657069
556515
806780
913272
619432
596943
111142
577172
728972
997294
650583
439246
369867
239384
536578
859779
562292
433105
897551
828232
535822
694905
465211
366745
659082
80129
304767
770382
617042
922401
48572
216179
191358
390553
824766
101782
493785
392983
680628
140824
349123
774219
614273
896736
495156
352288
601823
470411
752368
936773
952182
537093
591986
537940
991189
785848
389057
693256
771524
819226
125433
352285
883914
7488
686606
62106
821445
276838
941920
788844
330060
795381
938455
812584
431139
539296
177702
312243
174832
600159
932797
138989
995914
205516
188571
253770
986475
645454
932397
854342
805493
280607
568481
619684
854134
889170
893185
83600
344383
725260
767205
895175
537696
72137
131130
856745
407689
221327
902441
753359
311821
944542
73386
206983
452853
933277
512857
184632
819534
159047
827327
863850
241232
121777
792959
62595
374827
634355
503359
281416
682940
966101
889211
369209
769897
634719
60140
660070
660964
373030
484276
298120
946423
854660
235244
778968
180336
598012
352810
474215
493015
669758
102272
736635
116237
742765
903375
906411
87998
559954
78646
648924
69154
161516
143420
900130
212451
953326
270512
804643
227707
403532
122574
571710
361097
841572
255874
283176
186873
756579
112276
685408
669171
339264
565470
11353
3739
992609
383097
37843
93594
573483
230207
70756
786750
744466
514538
525931
913764
380851
927611
409975
989551
162019
777414
630197
711741
520967
446763
721658
248038
571869
180239
301371
469538
459940
217663
713776
367876
404962
320101
354571
367118
341783
908947
470352
879140
917830
572784
24892
866134
806553
601909
417877
224898
263586
636949
874914
348280
456750
123258
968713
702325
201249
297565
457878
661699
469447
565309
603993
478852
697523
480959
474698
377853
748655
919397
573735
254241
169131
253129
672691
682271
423554
657482
222522
18415
855514
806333
591248
128528
61593
521218
467478
605641
429282
467011
56882
608680
32792
751717
951923
241438
7024
907001
299266
198919
550225
970459
358362
191817
225436
459203
160606
86688
839004
272960
465682
2924
848979
708722
724399
226353
873426
816481
179596
421086
361081
330789
252477
351411
336750
980233
565525
581471
715090
250934
897947
86354
904966
506553
145139
502761
342990
868307
49586
370071
981532
564681
24525
616338
235225
278904
251853
727811
565326
775203
21226
854040
745229
100308
533530
326992
186832
503147
872689
191430
601098
524774
481740
737084
373679
390160
355658
702844
320218
968018
273325
756966
984714
979392
502892
357092
678728
558488
264242
434642
380147
852233
127391
72043
706416
466078
432251
598571
829498
799536
154864
282284
245699
848997
648258
79570
545573
401176
394687
199200
115105
486808
672767
639822
278572
504017
746386
751586
260834
334926
737260
138674
462869
766149
481346
834624
15999
650377
896886
551363
238134
707805
753583
290248
665735
196033
588530
407103
910535
469906
793343
876600
403349
820776
773115
566408
66073
624456
587969
462931
814485
455044
366410
933122
140266
945276
376914
69994
107828
264857
137647
504694
703255
567750
382515
475273
425081
515533
928637
985576
532321
947609
629459
415327
999652
716168
281886
447416
992683
396670
617447
346735
167513
264298
795377
741131
376074
302724
678744
270683
955633
812406
63856
259964
610592
149813
663274
979276
710331
59557
744886
552665
381858
575152
11803
110887
525239
790643
349704
949409
919956
494579
630108
948106
478815
887600
577421
888804
899973
712560
607015
168789
728518
505489
557894
570953
412379
20386
575650
515219
603383
907083
992463
723138
948575
120001
533189
204550
267642
519350
427317
658947
814330
105428
576770
896941
301375
258265
460807
53162
527651
189763
76415
553032
551885
994140
443200
704129
455791
269825
291448
827142
896806
211326
736482
454576
193440
99244
373745
654603
344285
929097
422957
858313
597298
179707
511264
783635
932938
472380
830161
234874
844808
892574
535211
605809
514703
313267
76710
997295
940516
510768
330107
284048
8495
827486
756948
679182
511827
531194
970406
836349
458346
908370
407504
29878
702640
543311
358421
199493
781159
550217
853953
89412
971190
740240
407754
93620
736815
6710
146373
159817
211840
267886
979573
95865
566440
657847
439625
752247
719697
560720
806436
236994
228866
907811
880865
527858
33960
168980
413548
200660
240060
975173
6299
770651
518962
4584
342024
812621
928092
193176
726098
535080
914638
162505
596557
991282
79110
732611
598911
848674
126063
992150
942422
523547
34782
248617
542919
293290
528274
172423
506241
852435
253024
417193
690176
668297
600195
757994
373457
41470
68911
628659
188981
549742
466191
856255
313230
819248
37279
454822
107957
298674
139181
599282
600800
92148
334657
673819
15181
222614
452020
244698
505085
404354
671418
459253
315009
206495
597132
312389
901174
666354
585932
774505
298815
197906
677568
166501
129783
115207
181613
927047
840644
357404
55296
337682
10529
939210
108600
344360
655762
330407
399053
205712
649326
605572
811034
230989
521550
920614
708436
74149
493236
55220
912480
508444
431742
680577
485537
213685
407475
373003
728754
973777
304113
71707
146615
247138
843534
133155
284239
356550
57987
88006
954825
492522
917455
17930
319528
196368
415275
763519
511043
4063
848080
705409
333089
713043
619061
250484
628736
75814
326688
509692
872927
152203
528112
25578
934249
422962
342830
238280
681667
421875
648262
201622
677744
548702
949634
701411
450041
481055
804675
115871
883864
190887
378750
1305
727139
444933
926242
359394
681911
180589
619270
686368
256339
12851
683424
719839
308446
15372
593263
868732
583255
894690
622959
865791
211029
878587
269281
947426
383275
395235
974894
495109
2834
973322
909194
728191
443520
301723
447594
196757
381636
99409
940093
355022
817735
637937
89543
116127
948210
978210
679473
245715
427974
113376
257138
995227
831467
358991
752547
463760
617825
678315
378426
947902
363825
916415
947103
977140
182752
153473
806928
214531
914444
573509
851804
95898
873269
849622
112700
765669
223394
640214
326195
646539
335076
771205
537599
596572
762151
489589
816884
701323
117693
78606
468347
897623
130226
590798
221254
764526
695081
780116
648500
918689
580938
474671
643628
12274
777084
330912
524283
474035
38566
205778
906923
672670
637509
482299
288571
171165
272437
307515
951831
931255
199759
949523
569884
687727
182531
573656
361515
794276
352999
553843
104017
800584
632121
375769
548738
679134
467420
83958
788751
138198
680724
519968
782847
755190
593440
897034
53688
126074
875001
873439
752831
544210
635734
38397
884221
219711
50993
681342
517599
372270
796661
726481
36533
162824
137828
313912
307076
159931
467142
96831
173107
370191
130225
124878
38596
68617
147039
972614
735565
150813
954747
836920
83924
756034
98766
737313
123824
331298
78036
290591
617790
485624
549544
718072
979848
275334
530462
831828
68633
428953
794537
4403
46168
715106
583556
111174
830596
929499
377426
401285
585560
351189
445351
875137
802959
721002
80683
885263
180473
896301
465463
865592
886290
120855
795645
557036
39008
146137
993934
835551
587614
25624
988461
104450
643840
362309
779607
786839
593174
435500
274957
188492
577718
900818
930672
143347
907982
526801
431837
614124
206118
470479
133542
307807
313789
95498
398690
923604
673867
813403
992238
371932
1464
977238
375264
933515
774781
694150
949655
346474
859009
241838
71154
442911
372329
489041
880051
484766
878522
602670
620229
953938
948985
164242
358781
963063
502160
624226
237589
318141
917037
824194
199959
349967
670955
225408
514442
718703
723836
630232
182087
585052
202658
263656
820483
115435
520314
895722
564762
401086
207697
922648
416590
490992
327729
119727
78866
485657
284003
414566
961478
932377
910637
639711
771457
167573
967214
273178
279704
510856
543887
53512
947470
696506
1642
576780
686174
342630
593164
604115
202288
933186
107012
185350
726237
555927
884659
875955
535664
886849
12015
744705
58816
973901
206809
180628
950900
344632
668890
187206
447490
293206
859327
266571
734137
221199
542605
146870
806509
561305
109371
919676
814057
68724
217219
159931
584293
181121
388027
505529
517544
24051
995455
134752
190737
721183
360375
736124
323443
985333
591087
638670
934129
53958
167913
762399
822663
574687
387143
913206
683267
991192
172276
27406
922471
515753
385038
719916
414338
274251
230040
380381
874584
47257
493766
938533
977720
445867
810333
368730
731543
628925
622216
49439
783668
486156
186175
195962
243270
150635
382558
24306
287353
195546
121701
226765
584136
453704
120508
59699
259693
328648
500305
235369
334301
996511
583046
418690
123636
183400
638714
485208
652877
623906
663891
60858
227208
74348
512302
905361
33696
742497
519305
829379
87523
613129
273852
43046
432426
65080
215917
795732
190756
867024
925802
501846
813249
211184
544292
164108
522952
827194
540829
29931
166903
746176
296831
554121
12993
799403
863175
357586
150088
432840
658255
442635
81878
668418
444701
79301
42571
489455
977592
809054
701419
261600
905124
165615
878734
249902
632673
547596
78572
225833
205329
179874
681610
692374
611454
556148
203888
126493
684316
834611
97632
647906
589736
93282
466514
821818
427764
882024
765170
78134
917678
458617
333760
833586
703530
487152
162530
230506
876366
812874
783358
520710
209167
606532
402510
475156
326534
839329
386460
645112
963825
218104
445891
433725
840210
545902
35084
872854
277131
248772
539990
851419
437148
509925
313089
876933
256683
433360
856338
772214
410114
384086
547478
679698
632196
860314
896070
18265
185701
672390
312050
322145
767896
636824
672849
730713
91169
767893
490624
363585
644974
126265
831093
504159
421955
665948
537208
47938
154708
291413
877306
99059
672375
126437
851880
780670
499788
697138
59788
773777
554081
88329
372988
501166
284784
524250
489564
601983
32716
458681
597510
872196
895709
70255
141252
809366
596960
377927
451508
336993
143537
73248
535022
753052
464520
912446
145269
918509
353881
295960
490750
471116
622278
374404
276084
102022
555032
574323
838354
678568
978765
210943
532606
475101
735985
578046
37640
199405
250824
84188
883347
725365
708872
377518
250503
824010
91567
585972
995674
494470
611415
740192
964333
447881
94964
627684
663276
689924
751925
107702
430465
168745
741032
260023
698483
300842
914869
905787
252339
212035
99115
86803
982476
907436
334693
967149
341535
206532
210767
535560
187741
491893
501692
903435
107164
456217
282949
366369
127571
974552
369808
555812
843031
963624
658300
961076
17598
953392
823591
926948
868649
684460
671590
952635
451913
861177
906011
25137
212226
793347
844841
415242
720320
736227
202043
55062
69075
795195
698465
755048
118880
69426
800200
323702
452617
133111
456751
238461
348475
189176
687975
428512
63004
48960
252799
548738
530348
4569
701007
390205
306827
926422
31400
815227
831409
898503
809505
830923
975929
571341
609038
139912
261110
10591
545204
299823
919042
926662
806640
990051
605965
679242
959331
516543
855248
987975
524278
760674
855878
166453
368736
218981
66133
712288
492549
487121
552751
817000
224360
131375
340527
413483
461035
922551
527321
65015
34448
975709
199536
672553
374688
862445
75641
448292
637487
115666
341903
931041
128963
142326
356849
569223
491653
586065
988671
988693
558545
892373
371923
323507
784670
696990
376154
408325
56075
156655
34038
277637
823100
353143
541767
37708
323068
442838
683128
554279
329522
234124
572578
500760
114469
450832
296516
444217
709956
533091
912305
737772
76656
730887
36842
730258
545262
1325
515225
558894
443183
890292
281862
470216
818580
139952
621723
85119
238883
865952
287449
52317
790336
17057
474067
83623
225991
98290
404242
404829
616774
696536
53693
13666
759219
583996
639714
533171
91965
788406
716971
643111
127604
935008
209333
329639
953326
474134
134041
901986
317171
350462
484499
64738
595560
8011
347868
861151
466581
82339
223727
370183
297216
676583
828098
38607
109072
875992
128802
574854
632212
590439
298618
143896
375038
369598
854888
343012
537257
808950
411139
70639
480524
448277
392965
109830
996693
962905
84403
838875
900626
419700
261686
795778
291828
118390
508892
798158
651860
262039
125722
503213
449636
368895
225451
641565
379001
1756
67888
499230
68827
172470
584454
690163
162673
890211
602193
210449
524880
560684
511550
719303
742670
642083
513632
428250
393212
154300
278996
895848
85121
922244
236837
80258
526909
237943
970696
131689
740687
346051
993057
50803
25445
720454
611860
119344
286288
93559
473528
602695
523018
909993
194998
756112
721940
722841
179528
581874
39840
304032
518291
15510
479195
825487
343144
207076
459364
371380
551287
450930
750250
877629
279717
108805
273480
356136
665856
935481
893765
794154
198947
684813
26101
971170
38027
471418
276198
768853
991355
288539
817316
192387
754314
297367
623051
131132
868730
989489
906661
423949
593762
23086
9452
437125
300495
289206
897857
511748
737158
521631
306336
770234
169759
670736
661597
263103
606313
491889
877765
198914
590494
141147
663372
674619
558278
347170
226786
777624
88031
71627
256655
397432
714992
578187
235061
77102
645894
532631
82546
614186
713168
437245
333022
453221
585332
445039
368418
737733
643707
50605
950464
545552
818782
99846
897249
230449
729794
237142
945448
22674
462060
521750
321650
811172
477565
44142
687861
681451
131896
390030
831708
89885
320789
137900
846075
688919
939377
511063
252388
228954
314394
614930
53732
806902
819709
105725
997900
52789
507679
470594
381719
48707
608190
393993
794954
510031
60434
698587
266402
925882
772246
349589
535763
371692
313157
637881
437773
444901
984592
534036
658647
301302
841293
961188
402359
970241
421297
682843
696316
981289
130796
299167
114464
571635
381501
509127
979590
793459
541425
40730
122907
708957
577277
225221
401377
639035
546376
509467
254651
782993
250947
331719
566499
731587
683647
459321
869770
251504
425839
338090
500759
549766
605093
937369
83372
169161
141371
564823
505500
407727
788105
168118
332004
88548
765543
677498
823448
551741
407760
473719
376831
654412
885699
57227
415477
500948
692817
70115
499079
183793
726603
73822
989142
371443
980768
176396
50115
731627
198842
273287
817188
394819
655244
602793
812000
46587
614627
922092
512706
630105
188266
849112
70229
831857
27901
522129
360888
836581
88661
579330
5340
28577
425778
198649
179492
828734
335146
978400
82733
424728
655280
363303
456918
737129
734845
16145
367836
537233
240359
582524
281571
12387
637861
876336
325915
408797
334045
327037
382181
555713
756277
657307
525756
138190
836862
60931
911087
228098
690161
496079
596011
773710
64758
858520
657841
548605
618750
476496
748332
954165
911014
197063
682071
649854
221480
257305
842705
638792
874907
489377
864071
318311
453224
290389
734487
962632
868743
885894
414420
578995
948692
501014
520380
166567
264972
409856
363738
970063
241748
776046
449919
181226
858089
363872
561135
426160
788518
16799
825221
121715
247247
386793
533727
428080
381987
327697
924365
983872
159670
384393
915368
873713
884973
316464
538072
895271
603173
66262
478385
977213
601452
65352
982075
750766
958001
267537
101917
210243
732108
983234